600532
600533
600535
600536
600537
600538
600539
600540
600543
600545
600546
600547
600548
600549
600550
600551
600552
600555
600557
600558
600559
600560
600561
600562
600563
600565
601158
601163
601168
601177
601179
601186
601188
601199
601200
601208
601212
601218
601222
601225
601226
601228
601231
601233
601238
601258
601298
601311
601326
601330
601333
601339
601360
601366
601368
601369
601388
601390
601500
601515
601518
601519
601558
601566
601567
601579
601588
601595
601598
601599
601600
601606
601607
601608
601611
601615
601616
601618
601619
601633
601636
601666
601668
601669
601677
601678
601689
601698
601699
601700
601717
601718
601727
601766
601777
601789
601798
601799
601800
601801
601808
601811
601828
601857
601858
601865
601866
601869
601872
601877
601880
601882
601886
601888
601890
601898
601899
601900
601908
601918
601919
601928
601929
601933
601949
601952
601958
601965
601966
601968
601969
601975
601985
601989
601991
601992
601996
601999
603000
603001
603002
603003
603005
603006
603007
603008
603009
603010
603011
603012
603013
603015
603016
603017
603018
603019
603020
603021
603022
603023
603025
603026
603027
603028
603029
603030
603031
603035
603036
603037
603038
603039
603040
603041
603042
603043
603045
603050
603055
603056
603058
603059
603060
603063
603066
603067
603068
603069
603076
603077
603078
603079
603081
603083
603085
603086
603088
603089
603090
603096
603098
603099
603100
603101
603103
603105
603106
603108
603110
603111
603113
603116
603117
603118
603121
603123
603126
603127
603128
603129
603133
603136
603138
603139
603156
603157
603158
603159
603160
603161
603165
603166
603167
603168
603169
603177
603178
603179
603180
603181
603183
603185
603186
603187
603188
603189
603192
603196
603197
603198
603199
603200
603203
603208
603214
603217
603218
603220
603222
603223
603225
603226
603227
603228
603229
603232
603233
603238
603239
603258
603259
603260
603266
603267
603268
603269
603277
603278
603283
603286
603288
603289
603297
603301
603303
603305
603306
603308
603309
603311
603313
603316
603317
603318
603319
603320
603321
603322
603326
603327
603328
603329
603330
603331
603332
603333
603335
603336
603337
603338
603339
603345
603348
603351
603355
603356
603357
603358
603359
603360
603363
603365
603366
603367
603368
603369
603377
603378
603379
603380
603383
603385
603387
603388
603389
603393
603396
603398
603399
603416
603421
603429
603444
603456
603458
603466
603477
603486
603488
603496
603499
603500
603505
603506
603507
603515
603516
603517
603518
603519
603527
603528
603533
603535
603536
603538
603555
603556
603557
603558
603559
603566
603567
603568
603569
603577
603578
603579
603580
603583
603585
603586
603587
603588
603589
603590
603595
603596
603598
603599
603600
603601
603602
603605
603606
603607
603608
603609
603611
603612
603615
603616
603617
603618
603619
603626
603628
603629
603630
603633
603636
603637
603638
603639
603648
603655
603656
603657
603658
603659
603660
603661
603663
603665
603666
603667
603669
603676
603677
603678
603679
603680
603681
603683
603685
603686
603688
603689
603693
603696
603697
603698
603699
603700
603701
603703
603706
603707
603708
603709
603711
603712
603713
603716
603717
603718
603721
603722
603725
603726
603727
603728
603729
603730
603733
603737
603738
603739
603757
603758
603766
603767
603768
603773
603776
603777
603778
603779
603787
603788
603789
603790
603797
603798
603799
603800
603801
603803
603806
603808
603809
603810
603811
603813
603816
603817
603818
603819
603822
603823
603825
603826
603828
603829
603833
603838
603839
603843
603848
603855
603856
603858
603860
603861
603863
603866
603867
603868
603869
603871
603876
603877
603878
603879
603880
603881
603882
603883
603886
603888
603889
603890
603895
603896
603897
603898
603899
603900
603901
603903
603906
603908
603909
603912
603915
603916
603917
603918
603919
603920
603922
603926
603928
603929
603933
603936
603937
603938
603955
603956
603958
603959
603960
603963
603967
603968
603969
603970
603976
603978
603979
603980
603982
603985
603987
603988
603989
603990
603991
603996
603998
603999
